0 0.190854 0.393709 0.089024 0.301518
0 0.356707 0.271150 0.171951 0.130152
0 0.759756 0.315618 0.080488 0.266811
0 0.808537 0.581345 0.114634 0.351410
0 0.209756 0.726681 0.209756 0.260304
0 0.726829 0.758134 0.163415 0.236443
0 0.663415 0.710412 0.190244 0.184382
0 0.702439 0.558568 0.134146 0.249458
0 0.631707 0.470716 0.092683 0.277657
0 0.632317 0.311280 0.169512 0.127983
0 0.643293 0.431670 0.164634 0.104121
0 0.512805 0.814534 0.176829 0.136659
0 0.239634 0.583514 0.157317 0.177874
0 0.557927 0.669197 0.179268 0.140998
0 0.425000 0.790672 0.174390 0.145336
0 0.459756 0.563991 0.175610 0.147505
0 0.463415 0.386117 0.134146 0.264642
0 0.529878 0.420824 0.137805 0.277657
0 0.344512 0.741866 0.181707 0.238612
0 0.343293 0.668113 0.140244 0.208243
0 0.345732 0.524946 0.108537 0.251627
0 0.300610 0.447939 0.159756 0.145336
0 0.257317 0.389371 0.082927 0.279826
0 0.373780 0.366594 0.098780 0.108460
